A   Z  EHFB    BMIN
18 10 -134.121 0.000
20 10 -155.991 0.477
22 10 -174.895 0.411
24 10 -188.673 0.216
26 10 -200.543 0.000
28 10 -206.267 0.000
30 10 -210.119 0.000
32 10 -209.794 0.375
34 10 -209.613 0.440
20 12 -136.221 0.000
22 12 -166.253 0.500
24 12 -193.252 0.537
26 12 -212.396 0.309
28 12 -228.493 0.000
30 12 -239.350 0.030
32 12 -248.044 0.000
34 12 -252.426 0.393
36 12 -256.750 0.418
38 12 -258.707 0.418
40 12 -259.084 0.434
24 14 -169.931 0.229
26 14 -202.308 0.324
28 14 -231.580 0.370
30 14 -251.642 0.000
32 14 -267.571 0.010
34 14 -281.138 0.000
36 14 -289.193 0.000
38 14 -296.124 0.285
40 14 -302.178 0.277
42 14 -308.149 0.332
44 14 -309.294 0.258
46 14 -309.833 0.000
48 14 -308.906 0.000
26 16 -170.953 0.000
28 16 -207.112 0.127
30 16 -240.147 0.030
32 16 -266.324 0.030
34 16 -287.593 0.000
36 16 -306.313 0.000
38 16 -318.591 0.101
40 16 -329.935 0.245
42 16 -339.789 0.301
44 16 -347.416 0.242
46 16 -352.907 0.200
48 16 -356.929 0.000
50 16 -358.107 0.000
52 16 -357.066 0.000
32 18 -244.132 0.130
34 18 -275.353 0.020
36 18 -302.398 0.180
38 18 -326.642 0.000
40 18 -343.097 0.000
42 18 -357.769 0.053
44 18 -371.021 0.081
46 18 -382.664 0.000
48 18 -391.254 0.190
50 18 -398.300 0.000
52 18 -402.082 0.000
54 18 -404.332 0.000
56 18 -405.624 0.000
58 18 -405.797 0.000
60 18 -404.840 0.000
62 18 -402.438 0.080
36 20 -280.879 0.000
38 20 -313.152 0.000
40 20 -342.689 0.000
42 20 -363.216 0.000
44 20 -381.873 0.000
46 20 -398.948 0.000
48 20 -414.330 0.000
50 20 -424.941 0.000
52 20 -435.072 0.000
54 20 -441.870 0.000
56 20 -447.370 0.000
58 20 -451.891 0.000
60 20 -455.142 0.000
62 20 -457.027 0.000
64 20 -457.075 0.000
66 20 -456.533 0.000
40 22 -315.260 0.000
42 22 -348.944 0.000
44 22 -373.515 0.000
46 22 -396.263 0.183
48 22 -417.028 0.109
50 22 -436.133 0.000
52 22 -449.568 0.000
54 22 -461.844 0.000
56 22 -471.348 0.000
58 22 -479.567 0.000
60 22 -486.797 0.000
62 22 -492.737 0.000
64 22 -497.829 0.000
66 22 -500.568 0.000
68 22 -502.765 0.131
70 22 -504.023 0.000
72 22 -504.617 0.000
74 22 -503.636 0.000
44 24 -352.117 0.000
46 24 -380.777 0.187
48 24 -408.862 0.305
50 24 -432.752 0.240
52 24 -454.350 0.000
54 24 -471.103 0.209
56 24 -485.275 0.182
58 24 -497.666 0.168
60 24 -508.515 0.082
62 24 -518.371 0.000
64 24 -526.995 0.000
66 24 -535.199 0.000
68 24 -541.087 0.146
70 24 -546.030 0.152
72 24 -549.528 0.138
74 24 -552.491 0.000
76 24 -552.631 0.000
78 24 -552.345 0.075
80 24 -552.796 0.000
46 26 -352.554 0.000
48 26 -384.861 0.136
50 26 -416.115 0.254
52 26 -444.226 0.238
54 26 -469.327 0.000
56 26 -489.002 0.206
58 26 -506.145 0.210
60 26 -521.330 0.201
62 26 -534.589 0.153
64 26 -547.072 0.000
66 26 -558.359 0.000
68 26 -569.252 0.000
70 26 -577.594 0.134
72 26 -585.156 0.146
74 26 -591.258 0.122
76 26 -596.952 0.000
78 26 -598.411 0.000
80 26 -599.460 0.033
82 26 -601.282 0.000
84 26 -600.675 0.000
50 28 -386.061 0.000
52 28 -419.757 0.000
54 28 -451.439 0.000
56 28 -481.111 0.000
58 28 -502.928 0.000
60 28 -522.769 0.000
62 28 -540.848 0.160
64 28 -557.226 0.090
66 28 -572.574 0.000
68 28 -586.527 0.000
70 28 -599.867 0.000
72 28 -610.636 0.000
74 28 -620.519 0.000
76 28 -629.585 0.000
78 28 -637.845 0.000
80 28 -640.778 0.000
82 28 -643.251 0.000
84 28 -646.472 0.000
86 28 -647.007 0.000
88 28 -646.511 0.000
90 28 -645.242 0.000
56 30 -452.504 0.216
58 30 -483.960 0.000
60 30 -510.611 0.233
62 30 -533.362 0.229
64 30 -554.281 0.230
66 30 -573.158 0.180
68 30 -590.456 0.140
70 30 -606.760 0.000
72 30 -622.328 0.000
74 30 -635.729 0.139
76 30 -648.180 0.149
78 30 -659.039 0.136
80 30 -669.338 0.000
82 30 -674.918 0.198
84 30 -679.628 0.203
86 30 -683.908 0.143
88 30 -686.157 0.137
90 30 -687.452 0.137
92 30 -688.083 0.150
94 30 -688.217 0.160
96 30 -688.247 0.300
98 30 -687.766 0.203
100 30 -687.292 0.242
102 30 -686.194 0.280
60 32 -484.235 0.170
62 32 -513.779 0.235
64 32 -540.907 0.270
66 32 -564.824 0.252
68 32 -586.094 0.230
70 32 -605.870 0.206
72 32 -624.246 0.206
74 32 -641.764 0.000
76 32 -657.729 0.147
78 32 -672.502 0.163
80 32 -685.834 0.149
82 32 -697.967 0.000
84 32 -705.435 0.198
86 32 -712.477 0.205
88 32 -718.403 0.155
90 32 -722.462 0.151
92 32 -725.847 0.248
94 32 -728.848 0.259
96 32 -731.142 0.249
98 32 -732.909 0.300
100 32 -734.028 0.290
102 32 -734.512 0.246
104 32 -734.805 0.271
106 32 -734.301 0.248
108 32 -733.442 0.235
110 32 -732.082 0.163
112 32 -730.168 0.149
64 34 -514.353 0.246
66 34 -544.377 0.256
68 34 -572.282 0.269
70 34 -595.992 0.266
72 34 -618.103 0.230
74 34 -638.931 0.220
76 34 -658.556 0.000
78 34 -676.416 0.133
80 34 -693.725 0.151
82 34 -709.402 0.145
84 34 -723.840 0.000
86 34 -732.522 0.190
88 34 -741.718 0.206
90 34 -749.642 0.159
92 34 -756.385 0.252
94 34 -761.604 0.261
96 34 -766.615 0.260
98 34 -770.478 0.253
100 34 -774.103 0.250
102 34 -776.903 0.248
104 34 -778.923 0.247
106 34 -780.334 0.272
108 34 -781.183 0.246
110 34 -781.859 0.152
112 34 -782.333 0.127
114 34 -782.397 0.000
116 34 -782.428 0.000
66 36 -512.045 0.210
68 36 -544.556 0.247
70 36 -575.017 0.278
72 36 -601.941 0.337
74 36 -626.925 0.160
76 36 -650.464 0.000
78 36 -672.803 0.000
80 36 -692.667 0.043
82 36 -711.883 0.104
84 36 -729.878 0.062
86 36 -746.954 0.000
88 36 -757.040 0.086
90 36 -767.158 0.196
92 36 -777.531 0.140
94 36 -785.646 0.150
96 36 -793.064 0.302
98 36 -799.819 0.296
100 36 -805.478 0.241
102 36 -810.914 0.247
104 36 -815.484 0.242
106 36 -819.175 0.230
108 36 -822.243 0.160
110 36 -825.058 0.140
112 36 -827.440 0.040
114 36 -829.866 0.026
116 36 -831.925 0.000
118 36 -833.525 0.000
120 36 -830.990 0.000
70 38 -542.253 0.242
72 38 -575.041 0.257
74 38 -604.761 0.170
76 38 -633.766 0.503
78 38 -659.851 0.000
80 38 -684.459 0.000
82 38 -706.514 0.000
84 38 -727.780 0.000
86 38 -748.000 0.000
88 38 -767.086 0.000
90 38 -778.962 0.000
92 38 -790.143 0.090
94 38 -802.490 0.130
96 38 -812.418 0.140
98 38 -821.745 0.452
100 38 -830.593 0.448
102 38 -838.425 0.445
104 38 -845.196 0.438
106 38 -851.048 0.230
108 38 -856.471 0.220
110 38 -861.665 0.150
112 38 -866.242 0.000
114 38 -870.667 0.000
116 38 -874.638 0.000
118 38 -878.262 0.000
120 38 -881.126 0.000
122 38 -879.717 0.000
74 40 -572.899 0.240
76 40 -605.199 0.200
78 40 -636.532 0.000
80 40 -666.189 0.000
82 40 -692.985 0.000
84 40 -717.123 0.000
86 40 -740.522 0.000
88 40 -762.831 0.000
90 40 -783.994 0.000
92 40 -797.731 0.000
94 40 -810.636 0.000
96 40 -824.319 0.000
98 40 -835.728 0.150
100 40 -846.682 0.170
102 40 -856.977 0.200
104 40 -866.670 0.210
106 40 -875.642 0.230
108 40 -883.765 0.230
110 40 -890.926 0.210
112 40 -897.644 0.000
114 40 -904.123 0.000
116 40 -910.074 0.000
118 40 -915.568 0.000
120 40 -920.563 0.000
122 40 -925.132 0.000
124 40 -924.660 0.000
126 40 -923.924 0.000
78 42 -603.904 0.000
80 42 -637.733 0.000
82 42 -669.470 0.000
84 42 -697.435 0.000
86 42 -724.260 0.000
88 42 -749.863 0.000
90 42 -774.331 0.000
92 42 -797.656 0.000
94 42 -813.174 0.000
96 42 -827.834 0.000
98 42 -843.046 0.000
100 42 -856.128 0.140
102 42 -868.766 0.170
104 42 -880.954 0.210
106 42 -892.444 0.216
108 42 -903.325 0.230
110 42 -913.194 0.230
112 42 -922.038 0.220
114 42 -929.914 0.000
116 42 -938.070 0.000
118 42 -945.711 0.000
120 42 -952.841 0.000
122 42 -959.482 0.000
124 42 -965.710 0.000
126 42 -966.230 0.000
128 42 -966.481 0.000
130 42 -966.325 0.000
132 42 -965.946 0.000
134 42 -965.098 0.000
84 44 -669.136 0.000
86 44 -699.650 0.000
88 44 -728.757 0.000
90 44 -756.584 0.000
92 44 -783.266 0.000
94 44 -808.770 0.000
96 44 -825.966 0.000
98 44 -842.492 0.156
100 44 -859.621 0.141
102 44 -874.494 0.141
104 44 -888.438 0.140
106 44 -902.055 0.310
108 44 -915.202 0.300
110 44 -927.714 0.290
112 44 -939.060 0.230
114 44 -949.545 0.220
116 44 -959.407 0.000
118 44 -969.254 0.000
120 44 -978.556 0.000
122 44 -987.348 0.000
124 44 -995.629 0.000
126 44 -1003.412 0.000
128 44 -1005.024 0.000
130 44 -1006.230 0.000
132 44 -1007.094 0.000
134 44 -1007.552 0.000
136 44 -1007.329 0.000
138 44 -1006.619 0.000
140 44 -1005.481 0.000
142 44 -1004.006 0.000
144 44 -1002.350 0.290
146 44 -1001.112 0.290
88 46 -699.649 0.000
90 46 -730.992 0.000
92 46 -761.066 0.106
94 46 -789.873 0.000
96 46 -817.521 0.000
98 46 -836.390 0.000
100 46 -854.914 0.160
102 46 -873.752 0.148
104 46 -890.393 0.148
106 46 -906.086 0.148
108 46 -920.944 0.148
110 46 -935.069 0.147
112 46 -949.009 0.197
114 46 -962.050 0.203
116 46 -974.318 0.212
118 46 -986.533 0.129
120 46 -997.934 0.000
122 46 -1008.881 0.000
124 46 -1019.308 0.000
126 46 -1029.255 0.000
128 46 -1038.630 0.000
130 46 -1041.313 0.000
132 46 -1043.546 0.000
134 46 -1045.403 0.000
136 46 -1046.786 0.000
138 46 -1047.342 0.000
140 46 -1047.417 0.000
142 46 -1047.360 0.158
144 46 -1047.415 0.250
146 46 -1047.370 0.280
148 46 -1046.915 0.278
150 46 -1046.086 0.265
152 46 -1045.006 0.240
92 48 -730.696 0.000
94 48 -762.897 0.000
96 48 -794.079 0.000
98 48 -823.986 0.000
100 48 -844.584 0.000
102 48 -864.335 0.118
104 48 -884.924 0.141
106 48 -903.322 0.145
108 48 -920.720 0.146
110 48 -937.317 0.144
112 48 -953.125 0.143
114 48 -968.195 0.146
116 48 -983.010 0.198
118 48 -996.813 0.205
120 48 -1011.159 0.000
122 48 -1024.263 0.000
124 48 -1036.836 0.000
126 48 -1048.912 0.000
128 48 -1060.412 0.000
130 48 -1071.356 0.000
132 48 -1075.175 0.000
134 48 -1078.450 0.000
136 48 -1081.251 0.000
138 48 -1083.651 0.000
140 48 -1085.068 0.000
142 48 -1086.054 0.000
144 48 -1087.114 0.136
146 48 -1088.461 0.296
148 48 -1089.634 0.306
150 48 -1090.235 0.304
152 48 -1090.361 0.295
154 48 -1090.149 0.273
156 48 -1089.684 0.237
158 48 -1088.973 0.214
160 48 -1088.012 0.201
162 48 -1087.336 0.148
164 48 -1086.098 0.127
166 48 -1084.756 0.083
168 48 -1083.539 0.000
170 48 -1082.173 0.000
172 48 -1080.584 0.000
174 48 -1078.712 0.000
96 50 -762.939 0.000
98 50 -796.172 0.000
100 50 -828.024 0.000
102 50 -850.218 0.010
104 50 -871.851 0.000
106 50 -893.301 0.000
108 50 -913.095 0.000
110 50 -932.168 0.025
112 50 -950.495 0.025
114 50 -968.150 0.029
116 50 -985.281 0.000
118 50 -1001.593 0.010
120 50 -1017.192 0.000
122 50 -1033.432 0.000
124 50 -1048.148 0.000
126 50 -1062.367 0.000
128 50 -1075.958 0.000
130 50 -1089.045 0.000
132 50 -1101.670 0.000
134 50 -1106.468 0.000
136 50 -1110.792 0.000
138 50 -1114.691 0.000
140 50 -1118.138 0.000
142 50 -1120.501 0.000
144 50 -1122.438 0.000
146 50 -1124.137 0.000
148 50 -1126.616 0.296
150 50 -1128.964 0.305
152 50 -1130.704 0.305
154 50 -1131.897 0.301
156 50 -1132.637 0.290
158 50 -1133.006 0.271
160 50 -1133.094 0.252
162 50 -1132.948 0.233
164 50 -1133.624 0.000
166 50 -1133.953 0.000
168 50 -1134.130 0.000
170 50 -1134.123 0.000
172 50 -1133.920 0.000
174 50 -1133.508 0.000
176 50 -1132.809 0.000
108 52 -895.432 0.156
110 52 -917.036 0.156
112 52 -937.628 0.155
114 52 -957.441 0.286
116 52 -976.791 0.322
118 52 -995.269 0.328
120 52 -1013.011 0.203
122 52 -1029.940 0.219
124 52 -1047.018 0.126
126 52 -1062.892 0.116
128 52 -1078.452 0.030
130 52 -1093.562 0.000
132 52 -1108.148 0.000
134 52 -1122.168 0.000
136 52 -1128.157 0.000
138 52 -1133.841 0.099
140 52 -1139.369 0.153
142 52 -1144.604 0.155
144 52 -1148.934 0.173
146 52 -1153.081 0.221
148 52 -1157.212 0.262
150 52 -1161.169 0.290
152 52 -1164.781 0.308
154 52 -1167.775 0.312
156 52 -1170.145 0.310
158 52 -1171.909 0.300
160 52 -1173.214 0.281
162 52 -1174.242 0.257
164 52 -1175.050 0.238
166 52 -1175.650 0.164
168 52 -1176.421 0.130
170 52 -1177.170 0.091
172 52 -1178.056 0.037
174 52 -1179.011 0.000
176 52 -1179.769 0.000
178 52 -1180.305 0.000
180 52 -1176.085 0.000
110 54 -895.551 0.220
112 54 -919.339 0.247
114 54 -941.981 0.276
116 54 -963.844 0.338
118 54 -985.024 0.337
120 54 -1005.122 0.339
122 54 -1024.280 0.326
124 54 -1042.395 0.243
126 54 -1059.876 0.177
128 54 -1077.074 0.164
130 54 -1093.458 0.135
132 54 -1109.373 0.092
134 54 -1125.228 0.000
136 54 -1140.670 0.000
138 54 -1147.884 0.088
140 54 -1155.790 0.142
142 54 -1163.428 0.179
144 54 -1170.102 0.188
146 54 -1176.239 0.225
148 54 -1182.170 0.258
150 54 -1187.773 0.276
152 54 -1193.051 0.295
154 54 -1197.966 0.314
156 54 -1202.184 0.318
158 54 -1205.709 0.314
160 54 -1208.492 0.302
162 54 -1210.774 0.283
164 54 -1212.792 0.256
166 54 -1214.658 0.237
168 54 -1216.043 0.198
170 54 -1217.385 0.157
172 54 -1218.763 0.133
174 54 -1220.116 0.091
176 54 -1221.800 0.018
178 54 -1223.642 0.000
180 54 -1225.228 0.000
182 54 -1221.461 0.000
114 56 -919.569 0.276
116 56 -944.999 0.406
118 56 -968.528 0.399
120 56 -991.025 0.371
122 56 -1012.676 0.357
124 56 -1033.232 0.329
126 56 -1052.532 0.282
128 56 -1071.126 0.255
130 56 -1089.016 0.190
132 56 -1106.534 0.158
134 56 -1123.513 0.119
136 56 -1140.304 0.041
138 56 -1157.073 0.000
140 56 -1165.777 0.099
142 56 -1175.339 0.159
144 56 -1184.824 0.194
146 56 -1193.140 0.217
148 56 -1201.080 0.248
150 56 -1208.848 0.289
152 56 -1215.951 0.309
154 56 -1222.553 0.314
156 56 -1228.735 0.324
158 56 -1234.059 0.324
160 56 -1238.621 0.317
162 56 -1242.361 0.301
164 56 -1245.662 0.278
166 56 -1248.747 0.256
168 56 -1251.650 0.240
170 56 -1253.955 0.212
172 56 -1255.895 0.176
174 56 -1258.037 0.147
176 56 -1260.075 0.113
178 56 -1262.427 0.055
180 56 -1265.311 0.000
182 56 -1267.938 0.000
184 56 -1264.741 0.000
118 58 -946.403 0.412
120 58 -971.454 0.418
122 58 -995.366 0.415
124 58 -1018.142 0.379
126 58 -1039.740 0.358
128 58 -1060.352 0.322
130 58 -1079.913 0.272
132 58 -1098.574 0.213
134 58 -1117.587 0.176
136 58 -1135.762 0.131
138 58 -1153.704 0.027
140 58 -1171.916 0.000
142 58 -1181.728 0.090
144 58 -1192.587 0.162
146 58 -1203.487 0.198
148 58 -1213.549 0.250
150 58 -1223.547 0.315
152 58 -1233.243 0.315
154 58 -1241.924 0.335
156 58 -1249.752 0.341
158 58 -1257.084 0.344
160 58 -1263.412 0.342
162 58 -1268.961 0.339
164 58 -1273.559 0.323
166 58 -1277.756 0.289
168 58 -1281.919 0.259
170 58 -1285.964 0.242
172 58 -1289.296 0.216
174 58 -1292.040 0.185
176 58 -1294.923 0.153
178 58 -1297.786 0.124
180 58 -1300.989 0.070
182 58 -1304.793 0.000
184 58 -1308.411 0.000
186 58 -1305.882 0.000
122 60 -971.979 0.428
124 60 -997.292 0.421
126 60 -1021.365 0.407
128 60 -1044.207 0.373
130 60 -1066.206 0.417
132 60 -1086.866 0.444
134 60 -1106.832 0.244
136 60 -1126.607 0.176
138 60 -1146.003 0.139
140 60 -1165.297 0.000
142 60 -1184.818 0.000
144 60 -1195.774 0.076
146 60 -1207.740 0.165
148 60 -1219.991 0.201
150 60 -1231.797 0.266
152 60 -1244.076 0.350
154 60 -1255.052 0.345
156 60 -1265.293 0.354
158 60 -1274.454 0.365
160 60 -1282.900 0.361
162 60 -1290.364 0.364
164 60 -1296.976 0.373
166 60 -1302.787 0.398
168 60 -1307.699 0.299
170 60 -1312.815 0.267
172 60 -1317.963 0.249
174 60 -1322.180 0.224
176 60 -1325.753 0.194
178 60 -1329.395 0.156
180 60 -1333.242 0.125
182 60 -1337.389 0.080
184 60 -1342.080 0.000
186 60 -1346.678 0.000
188 60 -1344.880 0.000
190 60 -1342.911 0.000
192 60 -1340.906 0.084
194 60 -1338.850 0.121
196 60 -1336.783 0.162
198 60 -1334.884 0.209
200 60 -1333.370 0.287
202 60 -1332.012 0.302
128 62 -1022.133 0.398
130 62 -1046.656 0.377
132 62 -1069.908 0.380
134 62 -1092.057 0.436
136 62 -1112.935 0.250
138 62 -1133.687 0.183
140 62 -1154.254 0.147
142 62 -1174.921 0.000
144 62 -1195.766 0.000
146 62 -1207.914 0.045
148 62 -1220.921 0.167
150 62 -1234.491 0.204
152 62 -1247.807 0.273
154 62 -1261.161 0.347
156 62 -1273.579 0.336
158 62 -1285.250 0.351
160 62 -1295.820 0.361
162 62 -1305.695 0.360
164 62 -1314.500 0.360
166 62 -1322.331 0.358
168 62 -1329.169 0.388
170 62 -1335.571 0.309
172 62 -1341.652 0.282
174 62 -1347.712 0.258
176 62 -1352.737 0.234
178 62 -1357.060 0.207
180 62 -1361.687 0.160
182 62 -1366.599 0.130
184 62 -1371.588 0.090
186 62 -1377.110 0.000
188 62 -1382.671 0.000
190 62 -1381.688 0.000
192 62 -1380.504 0.000
194 62 -1379.169 0.070
196 62 -1377.767 0.112
198 62 -1376.417 0.168
200 62 -1375.680 0.245
202 62 -1375.258 0.288
204 62 -1374.808 0.303
206 62 -1373.763 0.315
208 62 -1372.219 0.328
132 64 -1046.979 0.372
134 64 -1072.103 0.364
136 64 -1095.170 0.426
138 64 -1116.957 0.260
140 64 -1138.991 0.223
142 64 -1160.817 0.152
144 64 -1182.641 0.000
146 64 -1204.770 0.000
148 64 -1218.167 0.036
150 64 -1232.246 0.167
152 64 -1247.102 0.205
154 64 -1261.719 0.263
156 64 -1276.045 0.343
158 64 -1289.860 0.330
160 64 -1302.880 0.348
162 64 -1314.837 0.356
164 64 -1326.153 0.356
166 64 -1336.343 0.355
168 64 -1345.492 0.348
170 64 -1353.652 0.336
172 64 -1361.286 0.318
174 64 -1368.380 0.299
176 64 -1375.385 0.267
178 64 -1381.204 0.249
180 64 -1386.260 0.221
182 64 -1392.200 0.160
184 64 -1397.938 0.140
186 64 -1403.657 0.100
188 64 -1409.941 0.000
190 64 -1416.455 0.000
192 64 -1416.308 0.000
194 64 -1415.939 0.000
196 64 -1415.350 0.049
198 64 -1414.660 0.116
200 64 -1414.310 0.182
202 64 -1414.641 0.239
204 64 -1414.919 0.276
206 64 -1415.286 0.299
208 64 -1415.144 0.311
210 64 -1414.449 0.318
212 64 -1413.272 0.329
214 64 -1411.875 0.324
136 66 -1072.221 0.361
138 66 -1096.268 0.417
140 66 -1119.006 0.256
142 66 -1142.323 0.222
144 66 -1165.615 0.150
146 66 -1188.109 0.000
148 66 -1211.890 0.000
150 66 -1226.494 0.033
152 66 -1241.796 0.141
154 66 -1257.851 0.203
156 66 -1273.586 0.257
158 66 -1288.848 0.340
160 66 -1303.998 0.323
162 66 -1318.361 0.345
164 66 -1331.713 0.351
166 66 -1344.369 0.351
168 66 -1355.913 0.349
170 66 -1366.447 0.341
172 66 -1375.906 0.334
174 66 -1384.671 0.325
176 66 -1392.986 0.298
178 66 -1401.080 0.280
180 66 -1407.680 0.260
182 66 -1413.494 0.240
184 66 -1420.611 0.170
186 66 -1427.223 0.150
188 66 -1433.702 0.100
190 66 -1440.695 0.000
192 66 -1448.165 0.000
194 66 -1448.851 0.000
196 66 -1449.303 0.000
198 66 -1449.509 0.041
200 66 -1449.657 0.130
202 66 -1450.289 0.191
204 66 -1451.421 0.238
206 66 -1452.541 0.258
208 66 -1453.660 0.290
210 66 -1454.342 0.306
212 66 -1454.532 0.310
214 66 -1454.148 0.319
216 66 -1453.674 0.311
218 66 -1452.538 0.313
220 66 -1451.092 0.315
142 68 -1119.268 0.369
144 68 -1143.853 0.185
146 68 -1168.336 0.160
148 68 -1192.164 0.000
150 68 -1216.924 0.000
152 68 -1232.754 0.080
154 68 -1249.541 0.149
156 68 -1266.770 0.197
158 68 -1283.463 0.249
160 68 -1299.658 0.266
162 68 -1315.879 0.309
164 68 -1331.384 0.336
166 68 -1346.040 0.344
168 68 -1360.052 0.346
170 68 -1372.997 0.344
172 68 -1384.983 0.335
174 68 -1395.750 0.323
176 68 -1405.834 0.309
178 68 -1415.425 0.299
180 68 -1424.710 0.287
182 68 -1432.057 0.267
184 68 -1438.815 0.190
186 68 -1446.910 0.170
188 68 -1454.454 0.150
190 68 -1461.793 0.110
192 68 -1469.519 0.070
194 68 -1477.937 0.000
196 68 -1479.462 0.000
198 68 -1480.723 0.000
200 68 -1481.741 0.042
202 68 -1482.828 0.138
204 68 -1484.408 0.184
206 68 -1486.240 0.228
208 68 -1488.149 0.241
210 68 -1489.958 0.279
212 68 -1491.448 0.299
214 68 -1492.496 0.297
216 68 -1492.949 0.304
218 68 -1493.324 0.303
220 68 -1493.017 0.304
222 68 -1492.421 0.304
224 68 -1491.580 0.307
226 68 -1490.268 0.306
148 70 -1169.451 0.150
150 70 -1194.494 0.018
152 70 -1220.563 0.000
154 70 -1237.548 0.035
156 70 -1255.528 0.147
158 70 -1273.823 0.197
160 70 -1291.458 0.233
162 70 -1308.697 0.253
164 70 -1325.683 0.289
166 70 -1342.160 0.329
168 70 -1358.022 0.340
170 70 -1373.282 0.345
172 70 -1387.579 0.341
174 70 -1400.921 0.332
176 70 -1413.150 0.320
178 70 -1424.622 0.308
180 70 -1435.538 0.300
182 70 -1445.941 0.291
184 70 -1454.092 0.274
186 70 -1461.875 0.180
188 70 -1471.034 0.170
190 70 -1479.605 0.150
192 70 -1488.006 0.110
194 70 -1496.652 0.080
196 70 -1505.891 0.000
198 70 -1508.256 0.000
200 70 -1510.338 0.000
202 70 -1512.154 0.040
204 70 -1514.126 0.137
206 70 -1516.501 0.179
208 70 -1519.037 0.215
210 70 -1521.783 0.230
212 70 -1524.233 0.265
214 70 -1526.421 0.290
216 70 -1528.380 0.284
218 70 -1529.589 0.286
220 70 -1530.829 0.296
222 70 -1531.365 0.295
224 70 -1531.609 0.294
226 70 -1531.612 0.294
228 70 -1531.132 0.291
230 70 -1530.009 0.285
232 70 -1528.423 0.280
234 70 -1526.553 0.270
236 70 -1524.446 0.261
238 70 -1522.114 0.245
240 70 -1519.466 0.234
242 70 -1516.631 0.185
244 70 -1514.413 0.150
246 70 -1511.870 0.130
248 70 -1509.375 0.100
250 70 -1507.128 0.030
252 70 -1505.410 0.000
254 70 -1503.452 0.000
256 70 -1498.362 0.000
152 72 -1195.230 0.000
154 72 -1222.593 0.000
156 72 -1240.789 0.030
158 72 -1259.567 0.134
160 72 -1278.986 0.189
162 72 -1297.608 0.192
164 72 -1315.719 0.248
166 72 -1333.585 0.272
168 72 -1350.840 0.310
170 72 -1367.744 0.343
172 72 -1384.008 0.352
174 72 -1399.223 0.343
176 72 -1413.512 0.321
178 72 -1426.959 0.300
180 72 -1439.631 0.285
182 72 -1451.754 0.276
184 72 -1463.414 0.263
186 72 -1473.219 0.239
188 72 -1482.835 0.177
190 72 -1493.083 0.160
192 72 -1502.879 0.137
194 72 -1512.366 0.100
196 72 -1521.995 0.080
198 72 -1532.092 0.000
200 72 -1535.289 0.000
202 72 -1538.196 0.000
204 72 -1540.806 0.000
206 72 -1543.515 0.130
208 72 -1546.606 0.169
210 72 -1549.766 0.197
212 72 -1553.359 0.216
214 72 -1556.437 0.256
216 72 -1559.376 0.286
218 72 -1562.226 0.278
220 72 -1564.271 0.281
222 72 -1566.232 0.290
224 72 -1567.523 0.286
226 72 -1568.563 0.283
228 72 -1569.326 0.281
230 72 -1569.626 0.276
232 72 -1569.298 0.264
234 72 -1568.515 0.256
236 72 -1567.424 0.247
238 72 -1566.138 0.232
240 72 -1564.572 0.218
242 72 -1562.662 0.205
244 72 -1560.597 0.175
246 72 -1559.169 0.149
248 72 -1557.335 0.120
250 72 -1555.566 0.100
252 72 -1553.893 0.040
254 72 -1552.827 0.000
256 72 -1551.526 0.000
258 72 -1546.693 0.000
156 74 -1222.890 0.000
158 74 -1242.528 0.000
160 74 -1262.056 0.129
162 74 -1282.186 0.176
164 74 -1302.092 0.168
166 74 -1320.801 0.199
168 74 -1339.358 0.255
170 74 -1357.656 0.302
172 74 -1375.481 0.323
174 74 -1392.702 0.344
176 74 -1408.804 0.340
178 74 -1424.078 0.310
180 74 -1438.698 0.282
182 74 -1452.621 0.262
184 74 -1465.959 0.247
186 74 -1478.850 0.238
188 74 -1490.373 0.206
190 74 -1501.937 0.167
192 74 -1513.353 0.152
194 74 -1524.216 0.130
196 74 -1534.844 0.100
198 74 -1545.500 0.080
200 74 -1556.521 0.000
202 74 -1560.525 0.000
204 74 -1564.291 0.000
206 74 -1567.749 0.000
208 74 -1571.018 0.116
210 74 -1574.716 0.151
212 74 -1578.512 0.184
214 74 -1582.849 0.210
216 74 -1586.576 0.244
218 74 -1590.248 0.284
220 74 -1593.972 0.274
222 74 -1596.783 0.277
224 74 -1599.491 0.289
226 74 -1601.487 0.284
228 74 -1603.170 0.279
230 74 -1604.618 0.274
232 74 -1605.651 0.264
234 74 -1606.143 0.254
236 74 -1606.201 0.242
238 74 -1606.004 0.227
240 74 -1605.659 0.210
242 74 -1604.923 0.200
244 74 -1603.870 0.185
246 74 -1602.766 0.163
248 74 -1602.131 0.143
250 74 -1601.095 0.120
252 74 -1600.079 0.100
254 74 -1599.057 0.040
256 74 -1598.626 0.000
258 74 -1597.958 0.000
260 74 -1593.453 0.000
160 76 -1242.754 0.034
162 76 -1262.863 0.083
164 76 -1283.492 0.148
166 76 -1304.757 0.149
168 76 -1324.323 0.165
170 76 -1343.354 0.181
172 76 -1362.542 0.298
174 76 -1381.329 0.313
176 76 -1399.441 0.330
178 76 -1416.533 0.328
180 76 -1432.842 0.306
182 76 -1448.635 0.268
184 76 -1463.739 0.248
186 76 -1478.319 0.226
188 76 -1492.251 0.214
190 76 -1505.912 0.175
192 76 -1519.054 0.157
194 76 -1531.605 0.144
196 76 -1543.655 0.124
198 76 -1555.506 0.090
200 76 -1567.244 0.070
202 76 -1579.286 0.000
204 76 -1584.144 0.000
206 76 -1588.739 0.000
208 76 -1593.017 0.000
210 76 -1596.925 0.000
212 76 -1600.965 0.129
214 76 -1605.263 0.160
216 76 -1610.215 0.205
218 76 -1614.705 0.240
220 76 -1619.088 0.277
222 76 -1623.631 0.269
224 76 -1627.174 0.273
226 76 -1630.630 0.286
228 76 -1633.308 0.283
230 76 -1635.677 0.278
232 76 -1637.784 0.271
234 76 -1639.541 0.260
236 76 -1640.824 0.247
238 76 -1641.755 0.229
240 76 -1642.530 0.212
242 76 -1643.084 0.200
244 76 -1643.216 0.186
246 76 -1643.084 0.169
248 76 -1643.017 0.152
250 76 -1643.238 0.130
252 76 -1643.105 0.110
254 76 -1642.875 0.090
256 76 -1642.598 0.030
258 76 -1642.822 0.000
260 76 -1642.767 0.000
262 76 -1638.626 0.000
166 78 -1283.514 0.105
168 78 -1305.609 0.129
170 78 -1326.064 0.140
172 78 -1346.012 0.151
174 78 -1365.438 0.160
176 78 -1385.163 0.304
178 78 -1404.273 0.325
180 78 -1422.377 0.323
182 78 -1439.750 0.305
184 78 -1456.618 0.279
186 78 -1472.636 0.249
188 78 -1488.424 0.204
190 78 -1503.760 0.184
192 78 -1519.616 0.151
194 78 -1534.042 0.142
196 78 -1547.864 0.130
198 78 -1561.198 0.110
200 78 -1574.279 0.090
202 78 -1587.324 0.000
204 78 -1600.346 0.000
206 78 -1606.052 0.000
208 78 -1611.490 0.000
210 78 -1616.599 0.000
212 78 -1621.334 0.000
214 78 -1625.715 0.000
216 78 -1630.236 0.124
218 78 -1635.614 0.201
220 78 -1640.816 0.228
222 78 -1645.852 0.265
224 78 -1651.237 0.262
226 78 -1655.545 0.265
228 78 -1659.712 0.282
230 78 -1663.123 0.280
232 78 -1666.206 0.276
234 78 -1669.031 0.268
236 78 -1671.498 0.258
238 78 -1673.514 0.246
240 78 -1675.192 0.224
242 78 -1676.761 0.207
244 78 -1678.147 0.188
246 78 -1679.225 0.169
248 78 -1680.257 0.154
250 78 -1681.247 0.138
252 78 -1682.558 0.120
254 78 -1683.328 0.100
256 78 -1683.893 0.080
258 78 -1684.537 0.000
260 78 -1685.376 0.000
262 78 -1685.907 0.000
264 78 -1682.198 0.000
172 80 -1326.270 0.089
174 80 -1347.016 0.110
176 80 -1367.262 0.113
178 80 -1387.076 0.305
180 80 -1407.240 0.332
182 80 -1426.296 0.314
184 80 -1444.644 0.296
186 80 -1462.752 0.170
188 80 -1480.305 0.160
190 80 -1497.455 0.160
192 80 -1514.059 0.150
194 80 -1531.442 0.130
196 80 -1547.119 0.130
198 80 -1562.193 0.120
200 80 -1576.811 0.100
202 80 -1591.401 0.000
204 80 -1605.914 0.000
206 80 -1619.770 0.000
208 80 -1626.400 0.000
210 80 -1632.582 0.000
212 80 -1638.512 0.000
214 80 -1644.076 0.000
216 80 -1649.228 0.000
218 80 -1654.148 0.000
220 80 -1659.193 0.199
222 80 -1665.122 0.210
224 80 -1670.708 0.233
226 80 -1676.883 0.257
228 80 -1681.976 0.261
230 80 -1686.842 0.278
232 80 -1690.995 0.277
234 80 -1694.806 0.273
236 80 -1698.327 0.264
238 80 -1701.495 0.257
240 80 -1704.244 0.246
242 80 -1706.622 0.224
244 80 -1708.882 0.204
246 80 -1711.019 0.160
248 80 -1713.419 0.150
250 80 -1715.593 0.140
252 80 -1717.561 0.120
254 80 -1719.898 0.110
256 80 -1721.584 0.090
258 80 -1723.175 0.000
260 80 -1724.752 0.000
262 80 -1726.182 0.000
264 80 -1727.272 0.000
266 80 -1724.108 0.000
178 82 -1368.788 0.035
180 82 -1389.372 0.000
182 82 -1409.722 0.000
184 82 -1429.495 0.000
186 82 -1448.860 0.000
188 82 -1467.766 0.000
190 82 -1486.237 0.000
192 82 -1504.323 0.000
194 82 -1522.488 0.000
196 82 -1541.145 0.000
198 82 -1558.208 0.000
200 82 -1574.884 0.000
202 82 -1591.129 0.000
204 82 -1607.040 0.000
206 82 -1622.464 0.000
208 82 -1637.291 0.000
210 82 -1644.714 0.000
212 82 -1651.746 0.000
214 82 -1658.464 0.000
216 82 -1664.876 0.000
218 82 -1670.963 0.000
220 82 -1676.730 0.000
222 82 -1682.243 0.000
224 82 -1688.463 0.000
226 82 -1693.850 0.211
228 82 -1700.651 0.252
230 82 -1706.496 0.257
232 82 -1712.071 0.275
234 82 -1716.936 0.272
236 82 -1721.447 0.269
238 82 -1725.710 0.261
240 82 -1729.585 0.253
242 82 -1733.038 0.242
244 82 -1736.133 0.223
246 82 -1739.091 0.170
248 82 -1742.364 0.170
250 82 -1745.500 0.000
252 82 -1748.898 0.000
254 82 -1752.073 0.000
256 82 -1755.594 0.000
258 82 -1758.386 0.000
260 82 -1760.904 0.000
262 82 -1763.204 0.000
264 82 -1765.187 0.000
266 82 -1766.833 0.000
268 82 -1764.105 0.000
188 84 -1449.426 0.302
190 84 -1469.000 0.292
192 84 -1488.344 0.210
194 84 -1507.463 0.200
196 84 -1525.568 0.200
198 84 -1544.982 0.090
200 84 -1562.808 0.070
202 84 -1580.338 0.040
204 84 -1597.547 0.030
206 84 -1614.428 0.000
208 84 -1630.752 0.000
210 84 -1646.420 0.000
212 84 -1654.826 0.000
214 84 -1662.589 0.000
216 84 -1670.191 0.000
218 84 -1677.656 0.099
220 84 -1685.303 0.120
222 84 -1692.773 0.140
224 84 -1700.561 0.191
226 84 -1708.102 0.189
228 84 -1715.126 0.206
230 84 -1722.571 0.250
232 84 -1729.201 0.253
234 84 -1735.429 0.269
236 84 -1740.994 0.268
238 84 -1746.219 0.264
240 84 -1751.176 0.255
242 84 -1755.770 0.248
244 84 -1760.011 0.237
246 84 -1763.864 0.218
248 84 -1767.442 0.187
250 84 -1771.058 0.170
252 84 -1774.826 0.160
254 84 -1778.665 0.100
256 84 -1782.387 0.080
258 84 -1786.519 0.050
260 84 -1789.859 0.030
262 84 -1793.023 0.000
264 84 -1795.918 0.000
266 84 -1798.472 0.000
268 84 -1800.637 0.000
270 84 -1798.334 0.000
192 86 -1469.742 0.288
194 86 -1489.219 0.254
196 86 -1508.578 0.230
198 86 -1527.769 0.165
200 86 -1548.052 0.121
202 86 -1566.443 0.114
204 86 -1584.601 0.090
206 86 -1602.464 0.070
208 86 -1620.068 0.030
210 86 -1637.310 0.000
212 86 -1653.849 0.000
214 86 -1662.946 0.000
216 86 -1671.808 0.000
218 86 -1681.223 0.109
220 86 -1690.671 0.132
222 86 -1699.840 0.155
224 86 -1708.764 0.173
226 86 -1718.109 0.199
228 86 -1726.499 0.202
230 86 -1734.410 0.213
232 86 -1742.706 0.249
234 86 -1750.049 0.251
236 86 -1756.973 0.267
238 86 -1763.256 0.264
240 86 -1769.182 0.260
242 86 -1774.857 0.252
244 86 -1780.175 0.244
246 86 -1785.176 0.232
248 86 -1789.808 0.213
250 86 -1794.143 0.179
252 86 -1798.467 0.155
254 86 -1802.738 0.129
256 86 -1806.960 0.107
258 86 -1811.057 0.090
260 86 -1815.857 0.080
262 86 -1819.758 0.070
264 86 -1823.362 0.019
266 86 -1826.801 0.020
268 86 -1829.879 0.000
270 86 -1832.532 0.000
272 86 -1830.708 0.000
274 86 -1828.663 0.000
276 86 -1826.379 0.000
278 86 -1823.896 0.000
280 86 -1821.225 0.000
282 86 -1818.541 0.126
284 86 -1816.528 0.155
196 88 -1489.315 0.253
198 88 -1509.347 0.207
200 88 -1529.391 0.188
202 88 -1549.802 0.147
204 88 -1569.057 0.131
206 88 -1587.680 0.112
208 88 -1606.112 0.090
210 88 -1624.441 0.060
212 88 -1642.477 0.000
214 88 -1659.839 0.000
216 88 -1669.848 0.000
218 88 -1679.793 0.087
220 88 -1690.892 0.126
222 88 -1701.788 0.154
224 88 -1712.518 0.182
226 88 -1722.827 0.203
228 88 -1733.447 0.210
230 88 -1742.839 0.225
232 88 -1751.784 0.238
234 88 -1760.968 0.253
236 88 -1769.087 0.254
238 88 -1776.767 0.268
240 88 -1783.751 0.262
242 88 -1790.379 0.258
244 88 -1796.771 0.249
246 88 -1802.817 0.241
248 88 -1808.558 0.230
250 88 -1813.916 0.213
252 88 -1818.909 0.185
254 88 -1823.839 0.162
256 88 -1828.652 0.140
258 88 -1833.339 0.120
260 88 -1838.003 0.099
262 88 -1843.271 0.079
264 88 -1847.783 0.070
266 88 -1851.934 0.060
268 88 -1855.927 0.020
270 88 -1859.525 0.010
272 88 -1862.686 0.000
274 88 -1861.372 0.000
276 88 -1859.833 0.000
278 88 -1858.080 0.000
280 88 -1856.115 0.000
282 88 -1854.109 0.114
284 88 -1853.010 0.149
286 88 -1852.107 0.177
204 90 -1550.175 0.158
206 90 -1570.210 0.144
208 90 -1589.611 0.128
210 90 -1608.455 0.098
212 90 -1627.530 0.070
214 90 -1646.359 0.000
216 90 -1664.537 0.000
218 90 -1675.475 0.000
220 90 -1686.548 0.083
222 90 -1698.788 0.137
224 90 -1711.117 0.176
226 90 -1723.522 0.209
228 90 -1735.215 0.230
230 90 -1746.814 0.228
232 90 -1757.485 0.253
234 90 -1767.478 0.267
236 90 -1777.464 0.261
238 90 -1786.312 0.260
240 90 -1794.839 0.273
242 90 -1802.533 0.266
244 90 -1809.871 0.261
246 90 -1816.950 0.253
248 90 -1823.690 0.244
250 90 -1830.128 0.233
252 90 -1836.176 0.219
254 90 -1841.716 0.196
256 90 -1847.144 0.176
258 90 -1852.426 0.152
260 90 -1857.725 0.130
262 90 -1862.943 0.108
264 90 -1868.874 0.083
266 90 -1873.958 0.070
268 90 -1878.679 0.016
270 90 -1883.274 0.000
272 90 -1887.404 0.010
274 90 -1891.061 0.000
276 90 -1890.292 0.000
278 90 -1889.307 0.000
280 90 -1888.122 0.019
282 90 -1886.738 0.000
284 90 -1885.857 0.128
286 90 -1885.764 0.167
288 90 -1885.894 0.192
210 92 -1589.831 0.138
212 92 -1609.261 0.112
214 92 -1629.011 0.070
216 92 -1648.588 0.000
218 92 -1667.607 0.000
220 92 -1679.491 0.000
222 92 -1691.562 0.097
224 92 -1704.930 0.145
226 92 -1718.771 0.199
228 92 -1732.658 0.230
230 92 -1745.779 0.250
232 92 -1758.169 0.245
234 92 -1770.296 0.272
236 92 -1781.290 0.281
238 92 -1791.979 0.272
240 92 -1801.669 0.266
242 92 -1811.182 0.279
244 92 -1819.631 0.275
246 92 -1827.637 0.269
248 92 -1835.404 0.258
250 92 -1842.825 0.250
252 92 -1849.926 0.240
254 92 -1856.630 0.227
256 92 -1862.710 0.205
258 92 -1868.625 0.184
260 92 -1874.417 0.161
262 92 -1880.244 0.141
264 92 -1885.908 0.118
266 92 -1892.522 0.090
268 92 -1898.257 0.080
270 92 -1903.602 0.060
272 92 -1908.758 0.020
274 92 -1913.444 0.020
276 92 -1917.631 0.000
278 92 -1917.437 0.000
280 92 -1917.041 0.000
282 92 -1916.471 0.000
284 92 -1915.710 0.000
286 92 -1915.962 0.140
288 92 -1916.898 0.184
290 92 -1917.937 0.204
216 94 -1628.812 0.080
218 94 -1649.184 0.030
220 94 -1668.985 0.000
222 94 -1681.832 0.000
224 94 -1695.023 0.100
226 94 -1709.577 0.152
228 94 -1724.776 0.213
230 94 -1739.735 0.238
232 94 -1754.006 0.257
234 94 -1767.513 0.266
236 94 -1780.875 0.279
238 94 -1792.977 0.288
240 94 -1804.567 0.281
242 94 -1815.233 0.279
244 94 -1825.760 0.285
246 94 -1835.017 0.281
248 94 -1843.746 0.278
250 94 -1852.163 0.264
252 94 -1860.269 0.257
254 94 -1868.066 0.248
256 94 -1875.429 0.235
258 94 -1882.001 0.212
260 94 -1888.464 0.196
262 94 -1894.745 0.173
264 94 -1901.038 0.149
266 94 -1907.270 0.129
268 94 -1914.618 0.110
270 94 -1920.870 0.090
272 94 -1926.787 0.000
274 94 -1932.355 0.030
276 94 -1937.635 0.020
278 94 -1942.481 0.000
280 94 -1942.785 0.000
282 94 -1943.051 0.000
284 94 -1943.106 0.000
286 94 -1943.292 0.100
288 94 -1944.497 0.154
290 94 -1946.364 0.197
292 94 -1948.216 0.213
222 96 -1669.149 0.000
224 96 -1682.942 0.000
226 96 -1697.130 0.102
228 96 -1712.727 0.159
230 96 -1729.065 0.227
232 96 -1744.981 0.249
234 96 -1760.321 0.264
236 96 -1774.928 0.276
238 96 -1789.423 0.285
240 96 -1802.658 0.294
242 96 -1815.254 0.287
244 96 -1826.905 0.284
246 96 -1838.509 0.290
248 96 -1848.641 0.288
250 96 -1858.157 0.285
252 96 -1867.257 0.278
254 96 -1876.003 0.264
256 96 -1884.562 0.253
258 96 -1892.671 0.242
260 96 -1899.748 0.225
262 96 -1906.739 0.203
264 96 -1913.506 0.182
266 96 -1920.270 0.158
268 96 -1927.092 0.150
270 96 -1935.121 0.120
272 96 -1941.852 0.100
274 96 -1948.286 0.080
276 96 -1954.239 0.040
278 96 -1960.071 0.030
280 96 -1965.481 0.000
282 96 -1966.480 0.000
284 96 -1967.379 0.000
286 96 -1968.082 0.000
288 96 -1969.307 0.108
290 96 -1971.466 0.164
292 96 -1974.138 0.210
294 96 -1976.703 0.223
226 98 -1682.611 0.010
228 98 -1697.814 0.103
230 98 -1714.535 0.290
232 98 -1731.859 0.288
234 98 -1748.614 0.288
236 98 -1764.879 0.288
238 98 -1780.500 0.289
240 98 -1796.002 0.290
242 98 -1810.275 0.298
244 98 -1823.888 0.293
246 98 -1836.613 0.289
248 98 -1849.320 0.294
250 98 -1860.433 0.293
252 98 -1870.814 0.290
254 98 -1880.691 0.285
256 98 -1890.179 0.274
258 98 -1899.451 0.258
260 98 -1908.365 0.248
262 98 -1915.984 0.232
264 98 -1923.446 0.209
266 98 -1930.736 0.193
268 98 -1937.942 0.164
270 98 -1945.576 0.160
272 98 -1954.041 0.130
274 98 -1961.273 0.100
276 98 -1968.261 0.090
278 98 -1974.538 0.040
280 98 -1980.983 0.030
282 98 -1986.756 0.000
284 98 -1988.550 0.000
286 98 -1990.158 0.000
288 98 -1991.528 0.000
290 98 -1993.794 0.112
292 98 -1996.892 0.188
294 98 -2000.350 0.248
296 98 -2003.470 0.235
230 100 -1697.100 0.107
232 100 -1715.362 0.558
234 100 -1733.203 0.306
236 100 -1750.751 0.304
238 100 -1767.867 0.304
240 100 -1784.259 0.301
242 100 -1800.592 0.293
244 100 -1815.855 0.301
246 100 -1830.498 0.294
248 100 -1844.238 0.290
250 100 -1858.124 0.295
252 100 -1870.356 0.295
254 100 -1881.675 0.292
256 100 -1892.438 0.289
258 100 -1902.691 0.278
260 100 -1912.746 0.261
262 100 -1922.500 0.251
264 100 -1930.642 0.240
266 100 -1938.611 0.214
268 100 -1946.482 0.201
270 100 -1954.158 0.176
272 100 -1962.501 0.170
274 100 -1971.427 0.140
276 100 -1979.206 0.110
278 100 -1986.755 0.090
280 100 -1993.407 0.040
282 100 -2000.424 0.030
284 100 -2006.697 0.000
286 100 -2009.155 0.000
288 100 -2011.381 0.000
290 100 -2013.455 0.074
292 100 -2016.947 0.320
294 100 -2021.130 0.285
296 100 -2025.130 0.267
298 100 -2028.820 0.268
236 102 -1733.105 0.430
238 102 -1751.268 0.322
240 102 -1769.145 0.311
242 102 -1786.355 0.307
244 102 -1803.502 0.297
246 102 -1819.690 0.303
248 102 -1835.340 0.291
250 102 -1850.140 0.287
252 102 -1865.212 0.295
254 102 -1878.506 0.295
256 102 -1890.755 0.293
258 102 -1902.464 0.290
260 102 -1913.617 0.280
262 102 -1924.511 0.264
264 102 -1935.149 0.254
266 102 -1943.953 0.249
268 102 -1952.414 0.229
270 102 -1960.780 0.207
272 102 -1969.035 0.184
274 102 -1977.908 0.170
276 102 -1987.328 0.140
278 102 -1995.616 0.110
280 102 -2003.763 0.100
282 102 -2010.887 0.040
284 102 -2018.452 0.030
286 102 -2025.232 0.000
288 102 -2028.370 0.000
290 102 -2031.268 0.000
292 102 -2034.286 0.417
294 102 -2039.112 0.401
296 102 -2043.992 0.347
298 102 -2048.322 0.333
300 102 -2052.511 0.311
244 104 -1786.807 0.317
246 104 -1804.728 0.299
248 104 -1821.770 0.304
250 104 -1838.344 0.291
252 104 -1854.136 0.286
254 104 -1870.219 0.294
256 104 -1884.537 0.293
258 104 -1897.823 0.289
260 104 -1910.487 0.286
262 104 -1922.628 0.279
264 104 -1934.443 0.267
266 104 -1945.939 0.257
268 104 -1955.372 0.253
270 104 -1964.462 0.233
272 104 -1973.477 0.212
274 104 -1982.261 0.192
276 104 -1991.641 0.170
278 104 -2001.641 0.140
280 104 -2010.521 0.110
282 104 -2019.306 0.100
284 104 -2026.903 0.050
286 104 -2035.024 0.030
288 104 -2042.333 0.000
290 104 -2046.131 0.000
292 104 -2049.692 0.000
294 104 -2054.551 0.413
296 104 -2060.030 0.400
298 104 -2065.484 0.357
300 104 -2070.481 0.354
302 104 -2075.168 0.345
250 106 -1822.001 0.305
252 106 -1839.491 0.280
254 106 -1856.196 0.278
256 106 -1873.193 0.289
258 106 -1888.522 0.288
260 106 -1902.770 0.285
262 106 -1916.498 0.281
264 106 -1929.711 0.276
266 106 -1942.622 0.265
268 106 -1955.180 0.256
270 106 -1965.404 0.253
272 106 -1975.236 0.240
274 106 -1984.758 0.221
276 106 -1994.202 0.197
278 106 -2003.793 0.180
280 106 -2014.437 0.140
282 106 -2023.970 0.110
284 106 -2033.427 0.100
286 106 -2041.521 0.050
288 106 -2050.211 0.030
290 106 -2058.026 0.000
292 106 -2062.503 0.000
294 106 -2066.736 0.000
296 106 -2073.092 0.416
298 106 -2079.204 0.405
300 106 -2085.120 0.376
302 106 -2090.751 0.371
304 106 -2096.014 0.361
256 108 -1856.370 0.262
258 108 -1874.162 0.285
260 108 -1890.374 0.284
262 108 -1905.594 0.281
264 108 -1920.360 0.277
266 108 -1934.653 0.271
268 108 -1948.669 0.262
270 108 -1962.321 0.255
272 108 -1973.363 0.249
274 108 -1983.988 0.236
276 108 -1994.311 0.223
278 108 -2004.433 0.197
280 108 -2014.647 0.155
282 108 -2025.844 0.131
284 108 -2035.980 0.110
286 108 -2046.097 0.100
288 108 -2054.742 0.060
290 108 -2064.019 0.030
292 108 -2072.365 0.000
294 108 -2077.504 0.000
296 108 -2083.271 0.757
298 108 -2090.440 0.748
300 108 -2097.037 0.754
302 108 -2103.208 0.735
304 108 -2109.257 0.383
306 108 -2115.103 0.375
264 110 -1906.266 0.276
266 110 -1921.873 0.267
268 110 -1937.123 0.259
270 110 -1952.191 0.253
272 110 -1966.892 0.248
274 110 -1978.994 0.239
276 110 -1990.715 0.229
278 110 -2002.000 0.216
280 110 -2013.018 0.190
282 110 -2024.093 0.155
284 110 -2035.986 0.133
286 110 -2046.559 0.110
288 110 -2057.339 0.100
290 110 -2066.590 0.050
292 110 -2076.467 0.040
294 110 -2085.319 0.000
296 110 -2091.145 0.000
298 110 -2098.340 0.760
300 110 -2106.051 0.752
302 110 -2113.251 0.764
304 110 -2119.981 0.732
306 110 -2126.106 0.398
